 -------------------------------------------------------
 Solver     Np     Iter        CPU Time        L2-norm
 -------------------------------------------------------
MG6-V1      256       6    0.020328044891   0.0000000424
PMG6-V1     256       6    0.007391929626   0.0000000253
MG6-F1      256       3    0.017036914825   0.0000000000
PMG6-F1     256       3    0.009186983109   0.0000000000
 -------------------------------------------------------
MG7-V1      256       7    0.020996809006   0.0000001080
PMG7-V1     256       7    0.003954887390   0.0000001098
MG7-F1      256       3    0.016502857208   0.0000000000
PMG7-F1     256       3    0.004691123962   0.0000000000
 -------------------------------------------------------
MG6-V1      512       6    0.078114986420   0.0000000034
PMG6-V1     512       6    0.023119926453   0.0000000026
MG6-F1      512       3    0.078067064285   0.0000000000
PMG6-F1     512       3    0.037407875061   0.0000000000
 -------------------------------------------------------
MG7-V1      512       6    0.075582027435   0.0000000426
PMG7-V1     512       6    0.016762971878   0.0000000250
MG7-F1      512       3    0.071124076843   0.0000000000
PMG7-F1     512       3    0.022209167480   0.0000000000
 -------------------------------------------------------
MG6-V1     1024       6    0.351190090179   0.0000000005
PMG6-V1    1024       6    0.123317956924   0.0000000005
MG6-F1     1024       3    0.395812034607   0.0000000000
PMG6-F1    1024       3    0.190716981888   0.0000000000
 -------------------------------------------------------
MG7-V1     1024       6    0.312391042709   0.0000000034
PMG7-V1    1024       6    0.099106073380   0.0000000026
MG7-F1     1024       3    0.301583051682   0.0000000000
PMG7-F1    1024       3    0.121097087860   0.0000000000
 -------------------------------------------------------
MG6-V1     2048       6    1.799584865570   0.0000000001
PMG6-V1    2048       6    0.602797031403   0.0000000001
MG6-F1     2048       3    2.510083198547   0.0000000000
PMG6-F1    2048       3    0.935912132263   0.0000000000
 -------------------------------------------------------
MG7-V1     2048       6    1.272966861725   0.0000000005
PMG7-V1    2048       6    0.452810049057   0.0000000005
MG7-F1     2048       3    1.296110153198   0.0000000000
PMG7-F1    2048       3    0.559750080109   0.0000000000
 -------------------------------------------------------
